active_hidden: 64
avg_clustering: 0.12005578843231446
avg_degree: 4.2
avg_path_length: 2.4799171842650103
core_avg_clustering: 0.0
core_avg_degree: 0.0
core_avg_path_length: .inf
core_density: 0.0
density: 0.030434782608695653
effective_density: 0.2734375
k: 4
n_hidden: 64.0
n_in: 4.0
n_out: 2.0
n_total: 70.0
output_density: 0.5
p: 0.1
reachability: 1.0
