avg_clustering: 0.4775793254364683
avg_degree: 11.542857142857143
avg_path_length: 2.627329192546584
core_avg_clustering: 0.5252892073204571
core_avg_degree: 12.25
core_avg_path_length: 2.5386904761904763
core_density: 0.09722222222222222
density: 0.08364389233954451
n_hidden: 64.0
n_in: 4.0
n_out: 2.0
n_total: 70.0
