active_hidden: 64
avg_clustering: 0.0
avg_degree: 4.0
avg_path_length: 2.5838509316770186
core_avg_clustering: 0.0
core_avg_degree: 0.0
core_avg_path_length: .inf
core_density: 0.0
density: 0.028985507246376812
modularity: 0.06943453630717956
n_communities: 3.0
n_hidden: 64.0
n_in: 4.0
n_out: 2.0
n_total: 70.0
p_inter: 0.6727499949325609
p_intra: 0.8
reachability: 1.0
type: modular
