avg_clustering: 0.42904206904206893
avg_degree: 11.542857142857143
avg_path_length: 2.4165631469979294
core_avg_clustering: 0.453641844266844
core_avg_degree: 12.25
core_avg_path_length: 2.3174603174603177
core_density: 0.09722222222222222
density: 0.08364389233954451
n_hidden: 64.0
n_in: 4.0
n_out: 2.0
n_total: 70.0
reachability: 1.0
