active_hidden: 64
avg_clustering: 0.13219874009347693
avg_degree: 4.2
avg_path_length: 2.457971014492754
core_avg_clustering: 0.0
core_avg_degree: 0.0
core_avg_path_length: .inf
core_density: 0.0
density: 0.030434782608695653
effective_density: 0.27734375
n_hidden: 64
n_in: 4
n_out: 2
n_total: 70
output_density: 0.5
reachability: 1.0
type: random_sparse
