avg_clustering: 0.7047129361791494
avg_degree: 25.742857142857144
avg_path_length: 2.0488612836438924
core_avg_clustering: 0.7692308338992783
core_avg_degree: 27.78125
core_avg_path_length: 1.9623015873015872
core_density: 0.2204861111111111
density: 0.1865424430641822
modularity: 0.6290704093533044
n_communities: 4.0
n_hidden: 64.0
n_in: 4.0
n_out: 2.0
n_total: 70.0
p_inter: 0.05314410000000002
p_intra: 0.8
reachability: 1.0
type: modular
