n_in: 4.0
n_hidden: 64.0
n_out: 2.0
n_total: 70.0
density: 0.08488612836438923
avg_degree: 11.714285714285714
avg_clustering: 0.45878926628926614
avg_path_length: 2.466666666666667
core_density: 0.09871031746031746
core_avg_degree: 12.4375
core_avg_clustering: 0.5063546696359196
core_avg_path_length: 2.386904761904762
