avg_clustering: 0.749372690801262
avg_degree: 15.857142857142858
avg_path_length: 2.801242236024845
core_avg_clustering: 0.8457369019869015
core_avg_degree: 16.96875
core_avg_path_length: 2.767857142857143
core_density: 0.13467261904761904
density: 0.11490683229813664
modularity: 0.7655315507169939
n_communities: 6.0
n_hidden: 64.0
n_in: 4.0
n_out: 2.0
n_total: 70.0
p_inter: 0.01
p_intra: 0.8
type: modular
