avg_clustering: 0.6692705138735657
avg_degree: 26.8
avg_path_length: 1.968944099378882
core_avg_clustering: 0.7315093785911803
core_avg_degree: 28.9375
core_avg_path_length: 1.8566468253968254
core_density: 0.2296626984126984
density: 0.19420289855072465
modularity: 0.6021648063295859
n_communities: 4.0
n_hidden: 64.0
n_in: 4.0
n_out: 2.0
n_total: 70.0
p_inter: 0.06561000000000002
p_intra: 0.8
reachability: 1.0
type: modular
