avg_clustering: 0.3995578231292518
avg_degree: 11.314285714285715
avg_path_length: 3.125465838509317
beta: 0.1
core_avg_clustering: 0.4408854166666668
core_avg_degree: 12.0
core_avg_path_length: 3.0992063492063493
core_density: 0.09523809523809523
density: 0.08198757763975155
k: 6.0
n_hidden: 64.0
n_in: 4.0
n_out: 2.0
n_total: 70.0
type: watts_strogatz
