avg_clustering: 0.44173937173937183
avg_degree: 11.228571428571428
avg_path_length: 2.543685300207039
core_avg_clustering: 0.49888514263514283
core_avg_degree: 11.9375
core_avg_path_length: 2.452876984126984
core_density: 0.09474206349206349
density: 0.08136645962732919
n_hidden: 64.0
n_in: 4.0
n_out: 2.0
n_total: 70.0
reachability: 1.0
