avg_clustering: 0.3979251700680273
avg_degree: 11.314285714285715
avg_path_length: 3.257142857142857
beta: 0.1
core_avg_clustering: 0.4613839285714286
core_avg_degree: 12.0
core_avg_path_length: 3.2271825396825395
core_density: 0.09523809523809523
density: 0.08198757763975155
k: 6.0
n_hidden: 64.0
n_in: 4.0
n_out: 2.0
n_total: 70.0
type: watts_strogatz
