avg_clustering: 0.45375862233005093
avg_degree: 11.257142857142858
avg_path_length: 2.4985507246376812
core_avg_clustering: 0.47715799825174826
core_avg_degree: 12.0
core_avg_path_length: 2.3958333333333335
core_density: 0.09523809523809523
density: 0.08157349896480331
n_hidden: 64.0
n_in: 4.0
n_out: 2.0
n_total: 70.0
